-------Quicksort and Natural Merge Sort Results-------
Original: 		
		5 5 5 5 5 5 5 5 5 5 5 5 5 5 5 5 5 5 5 5 5 5 5 5 5 5 5 5 5 5 5 5 5 5 5 
		5 5 5 5 5 5 5 5 5 5 5 5 5 5 5 
Size: 50 Records


-----Quicksort:

1. 	Sorted: 		
		5 5 5 5 5 5 5 5 5 5 5 5 5 5 5 5 5 5 5 5 5 5 5 5 5 5 5 5 5 5 5 5 5 
		5 5 5 5 5 5 5 5 5 5 5 5 5 5 5 5 5 
Runtime: 2041μs
Pivot type: first
Insertion Sort Threshold: 2
Comparisons: 1274
Exchanges: 1321
All Comparisons:		
		(0, 49) (5, 5) (5, 5) (5, 5) (5, 5) (5, 5) (5, 5) (5, 5) (5, 5) 
		(5, 5) (5, 5) (5, 5) (5, 5) (5, 5) (5, 5) (5, 5) (5, 5) (5, 5) 
		(5, 5) (5, 5) (5, 5) (5, 5) (5, 5) (5, 5) (5, 5) (5, 5) (5, 5) 
		(5, 5) (5, 5) (5, 5) (5, 5) (5, 5) (5, 5) (5, 5) (5, 5) (5, 5) 
		(5, 5) (5, 5) (5, 5) (5, 5) (5, 5) (5, 5) (5, 5) (5, 5) (5, 5) 
		(5, 5) (5, 5) (5, 5) (5, 5) (5, 5) (0, 48) (5, 5) (5, 5) (5, 5) 
		(5, 5) (5, 5) (5, 5) (5, 5) (5, 5) (5, 5) (5, 5) (5, 5) (5, 5) 
		(5, 5) (5, 5) (5, 5) (5, 5) (5, 5) (5, 5) (5, 5) (5, 5) (5, 5) 
		(5, 5) (5, 5) (5, 5) (5, 5) (5, 5) (5, 5) (5, 5) (5, 5) (5, 5) 
		(5, 5) (5, 5) (5, 5) (5, 5) (5, 5) (5, 5) (5, 5) (5, 5) (5, 5) 
		(5, 5) (5, 5) (5, 5) (5, 5) (5, 5) (5, 5) (5, 5) (5, 5) (5, 5) 
		(0, 47) ... 
All Exchanges:		
		(5, 5) (5, 5) (5, 5) (5, 5) (5, 5) (5, 5) (5, 5) (5, 5) (5, 5) 
		(5, 5) (5, 5) (5, 5) (5, 5) (5, 5) (5, 5) (5, 5) (5, 5) (5, 5) 
		(5, 5) (5, 5) (5, 5) (5, 5) (5, 5) (5, 5) (5, 5) (5, 5) (5, 5) 
		(5, 5) (5, 5) (5, 5) (5, 5) (5, 5) (5, 5) (5, 5) (5, 5) (5, 5) 
		(5, 5) (5, 5) (5, 5) (5, 5) (5, 5) (5, 5) (5, 5) (5, 5) (5, 5) 
		(5, 5) (5, 5) (5, 5) (5, 5) (5, 5) (5, 5) (5, 5) (5, 5) (5, 5) 
		(5, 5) (5, 5) (5, 5) (5, 5) (5, 5) (5, 5) (5, 5) (5, 5) (5, 5) 
		(5, 5) (5, 5) (5, 5) (5, 5) (5, 5) (5, 5) (5, 5) (5, 5) (5, 5) 
		(5, 5) (5, 5) (5, 5) (5, 5) (5, 5) (5, 5) (5, 5) (5, 5) (5, 5) 
		(5, 5) (5, 5) (5, 5) (5, 5) (5, 5) (5, 5) (5, 5) (5, 5) (5, 5) 
		(5, 5) (5, 5) (5, 5) (5, 5) (5, 5) (5, 5) (5, 5) (5, 5) (5, 5) 
		(5, 5) ... 


2. Runtime: 18μs
Pivot type: first
Insertion Sort Threshold: 100
Comparisons: 2
Exchanges: 49


3. Runtime: 16μs
Pivot type: first
Insertion Sort Threshold: 50
Comparisons: 2
Exchanges: 49


4. Runtime: 767μs
Pivot type: median_of_three
Insertion Sort Threshold: 2
Comparisons: 1274
Exchanges: 1321


-----Natural Merge Sort:

1. 	Sorted: 		
		5 5 5 5 5 5 5 5 5 5 5 5 5 5 5 5 5 5 5 5 5 5 5 5 5 5 5 5 5 5 5 5 5 
		5 5 5 5 5 5 5 5 5 5 5 5 5 5 5 5 5 
Runtime: 96μs
Comparisons: 50
Exchanges: 0
All Comparisons:		
		(5, 5) (5, 5) (5, 5) (5, 5) (5, 5) (5, 5) (5, 5) (5, 5) (5, 5) 
		(5, 5) (5, 5) (5, 5) (5, 5) (5, 5) (5, 5) (5, 5) (5, 5) (5, 5) 
		(5, 5) (5, 5) (5, 5) (5, 5) (5, 5) (5, 5) (5, 5) (5, 5) (5, 5) 
		(5, 5) (5, 5) (5, 5) (5, 5) (5, 5) (5, 5) (5, 5) (5, 5) (5, 5) 
		(5, 5) (5, 5) (5, 5) (5, 5) (5, 5) (5, 5) (5, 5) (5, 5) (5, 5) 
		(5, 5) (5, 5) (5, 5) (5, 5) 


2. Runtime: 89μs
Comparisons: 50
Exchanges: 0


3. Runtime: 89μs
Comparisons: 50
Exchanges: 0


4. Runtime: 85μs
Comparisons: 50
Exchanges: 0


5. Runtime: 84μs
Comparisons: 50
Exchanges: 0


-------Performance Report-------

Total number of successes: 9
[16, 18, 84, 85, 89, 89, 96, 767, 2041]
-
Total number of errors: 0

Format:
	[runtime1, ..., runtimeN]
	NOTE: Runtimes measured in microseconds (μs)
Done.