-------Quicksort and Natural Merge Sort Results-------
Original: 		
		1 2 3 4 5 6 7 8 9 10 11 12 13 14 15 16 17 18 19 20 21 22 23 24 25 26 
		27 28 29 30 31 32 33 34 35 36 37 38 39 40 41 42 43 44 45 46 47 48 49 
		50 
Size: 50 Records


-----Quicksort:

1. 	Sorted: 		
		1 2 3 4 5 6 7 8 9 10 11 12 13 14 15 16 17 18 19 20 21 22 23 24 25 
		26 27 28 29 30 31 32 33 34 35 36 37 38 39 40 41 42 43 44 45 46 47 
		48 49 50 
Runtime: 254μs
Pivot type: first
Insertion Sort Threshold: 2
Comparisons: 50
Exchanges: 97
All Comparisons:		
		(0, 49) (1, 49) (2, 49) (3, 49) (4, 49) (5, 49) (6, 49) (7, 49) 
		(8, 49) (9, 49) (10, 49) (11, 49) (12, 49) (13, 49) (14, 49) 
		(15, 49) (16, 49) (17, 49) (18, 49) (19, 49) (20, 49) (21, 49) 
		(22, 49) (23, 49) (24, 49) (25, 49) (26, 49) (27, 49) (28, 49) 
		(29, 49) (30, 49) (31, 49) (32, 49) (33, 49) (34, 49) (35, 49) 
		(36, 49) (37, 49) (38, 49) (39, 49) (40, 49) (41, 49) (42, 49) 
		(43, 49) (44, 49) (45, 49) (46, 49) (47, 49) (48, 49) (2, 2) 
All Exchanges:		
		(1, 50) (50, 1) (2, 50) (50, 2) (3, 50) (50, 3) (4, 50) (50, 4) 
		(5, 50) (50, 5) (6, 50) (50, 6) (7, 50) (50, 7) (8, 50) (50, 8) 
		(9, 50) (50, 9) (10, 50) (50, 10) (11, 50) (50, 11) (12, 50) 
		(50, 12) (13, 50) (50, 13) (14, 50) (50, 14) (15, 50) (50, 15) 
		(16, 50) (50, 16) (17, 50) (50, 17) (18, 50) (50, 18) (19, 50) 
		(50, 19) (20, 50) (50, 20) (21, 50) (50, 21) (22, 50) (50, 22) 
		(23, 50) (50, 23) (24, 50) (50, 24) (25, 50) (50, 25) (26, 50) 
		(50, 26) (27, 50) (50, 27) (28, 50) (50, 28) (29, 50) (50, 29) 
		(30, 50) (50, 30) (31, 50) (50, 31) (32, 50) (50, 32) (33, 50) 
		(50, 33) (34, 50) (50, 34) (35, 50) (50, 35) (36, 50) (50, 36) 
		(37, 50) (50, 37) (38, 50) (50, 38) (39, 50) (50, 39) (40, 50) 
		(50, 40) (41, 50) (50, 41) (42, 50) (50, 42) (43, 50) (50, 43) 
		(44, 50) (50, 44) (45, 50) (50, 45) (46, 50) (50, 46) (47, 50) 
		(50, 47) (48, 50) (50, 48) (50, 50) 


2. Runtime: 32μs
Pivot type: first
Insertion Sort Threshold: 100
Comparisons: 2
Exchanges: 49


3. Runtime: 28μs
Pivot type: first
Insertion Sort Threshold: 50
Comparisons: 2
Exchanges: 49


4. Runtime: 197μs
Pivot type: median_of_three
Insertion Sort Threshold: 2
Comparisons: 130
Exchanges: 135


-----Natural Merge Sort:

1. 	Sorted: 		
		1 2 3 4 5 6 7 8 9 10 11 12 13 14 15 16 17 18 19 20 21 22 23 24 25 
		26 27 28 29 30 31 32 33 34 35 36 37 38 39 40 41 42 43 44 45 46 47 
		48 49 50 
Runtime: 170μs
Comparisons: 50
Exchanges: 0
All Comparisons:		
		(1, 2) (2, 3) (3, 4) (4, 5) (5, 6) (6, 7) (7, 8) (8, 9) (9, 10) 
		(10, 11) (11, 12) (12, 13) (13, 14) (14, 15) (15, 16) (16, 17) 
		(17, 18) (18, 19) (19, 20) (20, 21) (21, 22) (22, 23) (23, 24) 
		(24, 25) (25, 26) (26, 27) (27, 28) (28, 29) (29, 30) (30, 31) 
		(31, 32) (32, 33) (33, 34) (34, 35) (35, 36) (36, 37) (37, 38) 
		(38, 39) (39, 40) (40, 41) (41, 42) (42, 43) (43, 44) (44, 45) 
		(45, 46) (46, 47) (47, 48) (48, 49) (49, 50) 


2. Runtime: 166μs
Comparisons: 50
Exchanges: 0


3. Runtime: 251μs
Comparisons: 50
Exchanges: 0


4. Runtime: 130μs
Comparisons: 50
Exchanges: 0


5. Runtime: 128μs
Comparisons: 50
Exchanges: 0


-------Performance Report-------

Total number of successes: 9
[28, 32, 128, 130, 166, 170, 197, 251, 254]
-
Total number of errors: 0

Format:
	[runtime1, ..., runtimeN]
	NOTE: Runtimes measured in microseconds (μs)
Done.