-------Quicksort and Natural Merge Sort Results-------
Original: 		
		29 40 17 13 39 7 5 30 11 49 24 18 33 34 50 1 23 27 48 19 28 14 47 22 
		6 46 2 38 37 45 10 32 44 3 35 41 8 31 15 21 43 4 9 26 16 36 20 42 12 
		25 
Size: 50 Records


-----Quicksort:

1. 	Sorted: 		
		1 2 3 4 5 6 7 8 9 10 11 12 13 14 15 16 17 18 19 20 21 22 23 24 25 
		26 27 28 29 30 31 32 33 34 35 36 37 38 39 40 41 42 43 44 45 46 47 
		48 49 50 
Runtime: 130μs
Pivot type: first
Insertion Sort Threshold: 2
Comparisons: 175
Exchanges: 192
All Comparisons:		
		(0, 49) (25, 29) (17, 29) (13, 29) (7, 29) (5, 29) (11, 29) 
		(24, 29) (18, 29) (1, 29) (23, 29) (27, 29) (19, 29) (28, 29) 
		(14, 29) (22, 29) (6, 29) (2, 29) (10, 29) (3, 29) (8, 29) 
		(15, 29) (21, 29) (4, 29) (9, 29) (26, 29) (16, 29) (20, 29) 
		(12, 29) (29, 49) (37, 45) (39, 45) (32, 45) (44, 45) (35, 45) 
		(41, 45) (30, 45) (31, 45) (33, 45) (34, 45) (43, 45) (40, 45) 
		(36, 45) (42, 45) (38, 45) (45, 49) (46, 47) (47, 49) (49, 50) 
		(48, 50) (47, 48) (2, 2) (49, 47) (29, 43) (32, 37) (35, 37) 
		(30, 37) (31, 37) (33, 37) (34, 37) (36, 37) (37, 43) (38, 39) 
		(39, 43) (41, 43) (40, 43) (42, 43) (39, 41) (40, 41) (29, 35) 
		(30, 32) (31, 32) (32, 35) (33, 35) (34, 35) (32, 33) (2, 2) 
		(29, 30) (2, 2) (0, 27) (12, 25) (17, 25) (13, 25) (7, 25) 
		(5, 25) (11, 25) (24, 25) (18, 25) (1, 25) (23, 25) (19, 25) 
		(14, 25) (22, 25) (6, 25) (2, 25) (10, 25) (3, 25) (8, 25) 
		(15, 25) (21, 25) ... 
All Exchanges:		
		(29, 25) (25, 25) (40, 17) (40, 13) (40, 7) (39, 5) (40, 11) 
		(39, 24) (30, 18) (40, 1) (49, 23) (39, 27) (30, 19) (33, 28) 
		(34, 14) (50, 22) (40, 6) (49, 2) (39, 10) (48, 3) (30, 8) 
		(33, 15) (34, 21) (47, 4) (50, 9) (40, 26) (46, 16) (49, 20) 
		(38, 12) (37, 29) (45, 37) (37, 37) (39, 39) (32, 32) (44, 44) 
		(48, 35) (48, 41) (48, 30) (48, 31) (48, 33) (48, 34) (48, 43) 
		(48, 40) (47, 36) (50, 42) (48, 38) (46, 45) (47, 46) (46, 46) 
		(49, 47) (50, 49) (49, 49) (48, 48) (50, 50) (48, 49) (49, 48) 
		(37, 38) (38, 32) (39, 35) (38, 30) (44, 31) (39, 33) (41, 34) 
		(38, 36) (44, 37) (39, 44) (44, 38) (41, 39) (43, 41) (41, 41) 
		(40, 40) (44, 42) (44, 43) (41, 42) (42, 40) (42, 41) (32, 36) 
		(36, 30) (35, 31) (36, 32) (35, 36) (36, 33) (36, 34) (36, 35) 
		(34, 34) (31, 31) (25, 12) (12, 12) (17, 17) (13, 13) (7, 7) 
		(5, 5) (11, 11) (24, 24) (18, 18) (1, 1) (23, 23) (27, 19) 
		(27, 14) (28, 22) ... 


2. Runtime: 17μs
Pivot type: first
Insertion Sort Threshold: 100
Comparisons: 2
Exchanges: 49


3. Runtime: 15μs
Pivot type: first
Insertion Sort Threshold: 50
Comparisons: 2
Exchanges: 49


4. Runtime: 103μs
Pivot type: median_of_three
Insertion Sort Threshold: 2
Comparisons: 130
Exchanges: 135


-----Natural Merge Sort:

1. 	Sorted: 		
		1 2 3 4 5 6 7 8 9 10 11 12 13 14 15 16 17 18 19 20 21 22 23 24 25 
		26 27 28 29 30 31 32 33 34 35 36 37 38 39 40 41 42 43 44 45 46 47 
		48 49 50 
Runtime: 92μs
Comparisons: 50
Exchanges: 0
All Comparisons:		
		(1, 2) (2, 3) (3, 4) (4, 5) (5, 6) (6, 7) (7, 8) (8, 9) (9, 10) 
		(10, 11) (11, 12) (12, 13) (13, 14) (14, 15) (15, 16) (16, 17) 
		(17, 18) (18, 19) (19, 20) (20, 21) (21, 22) (22, 23) (23, 24) 
		(24, 25) (25, 26) (26, 27) (27, 28) (28, 29) (29, 30) (30, 31) 
		(31, 32) (32, 33) (33, 34) (34, 35) (35, 36) (36, 37) (37, 38) 
		(38, 39) (39, 40) (40, 41) (41, 42) (42, 43) (43, 44) (44, 45) 
		(45, 46) (46, 47) (47, 48) (48, 49) (49, 50) 


2. Runtime: 88μs
Comparisons: 50
Exchanges: 0


3. Runtime: 101μs
Comparisons: 50
Exchanges: 0


4. Runtime: 83μs
Comparisons: 50
Exchanges: 0


5. Runtime: 82μs
Comparisons: 50
Exchanges: 0


-------Performance Report-------

Total number of successes: 9
[15, 17, 82, 83, 88, 92, 101, 103, 130]
-
Total number of errors: 0

Format:
	[runtime1, ..., runtimeN]
	NOTE: Runtimes measured in microseconds (μs)
Done.