-------Quicksort and Natural Merge Sort Results-------
Original: 		
		50 49 48 47 46 45 44 43 42 41 40 39 38 37 36 35 34 33 32 31 30 29 28 
		27 26 25 24 23 22 21 20 19 18 17 16 15 14 13 12 11 10 9 8 7 6 5 4 3 2 
		1 
Size: 50 Records


-----Quicksort:

1. 	Sorted: 		
		1 2 3 4 5 6 7 8 9 10 11 12 13 14 15 16 17 18 19 20 21 22 23 24 25 
		26 27 28 29 30 31 32 33 34 35 36 37 38 39 40 41 42 43 44 45 46 47 
		48 49 50 
Runtime: 920μs
Pivot type: first
Insertion Sort Threshold: 2
Comparisons: 675
Exchanges: 722
All Comparisons:		
		(0, 49) (1, 50) (49, 50) (48, 50) (47, 50) (46, 50) (45, 50) 
		(44, 50) (43, 50) (42, 50) (41, 50) (40, 50) (39, 50) (38, 50) 
		(37, 50) (36, 50) (35, 50) (34, 50) (33, 50) (32, 50) (31, 50) 
		(30, 50) (29, 50) (28, 50) (27, 50) (26, 50) (25, 50) (24, 50) 
		(23, 50) (22, 50) (21, 50) (20, 50) (19, 50) (18, 50) (17, 50) 
		(16, 50) (15, 50) (14, 50) (13, 50) (12, 50) (11, 50) (10, 50) 
		(9, 50) (8, 50) (7, 50) (6, 50) (5, 50) (4, 50) (3, 50) (2, 50) 
		(0, 48) (1, 48) (2, 49) (48, 49) (47, 49) (46, 49) (45, 49) 
		(44, 49) (43, 49) (42, 49) (41, 49) (40, 49) (39, 49) (38, 49) 
		(37, 49) (36, 49) (35, 49) (34, 49) (33, 49) (32, 49) (31, 49) 
		(30, 49) (29, 49) (28, 49) (27, 49) (26, 49) (25, 49) (24, 49) 
		(23, 49) (22, 49) (21, 49) (20, 49) (19, 49) (18, 49) (17, 49) 
		(16, 49) (15, 49) (14, 49) (13, 49) (12, 49) (11, 49) (10, 49) 
		(9, 49) (8, 49) (7, 49) (6, 49) (5, 49) (4, 49) (3, 49) (1, 47) 
		... 
All Exchanges:		
		(50, 1) (1, 1) (49, 49) (48, 48) (47, 47) (46, 46) (45, 45) 
		(44, 44) (43, 43) (42, 42) (41, 41) (40, 40) (39, 39) (38, 38) 
		(37, 37) (36, 36) (35, 35) (34, 34) (33, 33) (32, 32) (31, 31) 
		(30, 30) (29, 29) (28, 28) (27, 27) (26, 26) (25, 25) (24, 24) 
		(23, 23) (22, 22) (21, 21) (20, 20) (19, 19) (18, 18) (17, 17) 
		(16, 16) (15, 15) (14, 14) (13, 13) (12, 12) (11, 11) (10, 10) 
		(9, 9) (8, 8) (7, 7) (6, 6) (5, 5) (4, 4) (3, 3) (2, 2) (50, 50) 
		(1, 2) (2, 1) (49, 2) (2, 2) (48, 48) (47, 47) (46, 46) (45, 45) 
		(44, 44) (43, 43) (42, 42) (41, 41) (40, 40) (39, 39) (38, 38) 
		(37, 37) (36, 36) (35, 35) (34, 34) (33, 33) (32, 32) (31, 31) 
		(30, 30) (29, 29) (28, 28) (27, 27) (26, 26) (25, 25) (24, 24) 
		(23, 23) (22, 22) (21, 21) (20, 20) (19, 19) (18, 18) (17, 17) 
		(16, 16) (15, 15) (14, 14) (13, 13) (12, 12) (11, 11) (10, 10) 
		(9, 9) (8, 8) (7, 7) (6, 6) (5, 5) (4, 4) ... 


2. Runtime: 17μs
Pivot type: first
Insertion Sort Threshold: 100
Comparisons: 2
Exchanges: 49


3. Runtime: 15μs
Pivot type: first
Insertion Sort Threshold: 50
Comparisons: 2
Exchanges: 49


4. Runtime: 104μs
Pivot type: median_of_three
Insertion Sort Threshold: 2
Comparisons: 130
Exchanges: 135


-----Natural Merge Sort:

1. 	Sorted: 		
		1 2 3 4 5 6 7 8 9 10 11 12 13 14 15 16 17 18 19 20 21 22 23 24 25 
		26 27 28 29 30 31 32 33 34 35 36 37 38 39 40 41 42 43 44 45 46 47 
		48 49 50 
Runtime: 89μs
Comparisons: 50
Exchanges: 0
All Comparisons:		
		(1, 2) (2, 3) (3, 4) (4, 5) (5, 6) (6, 7) (7, 8) (8, 9) (9, 10) 
		(10, 11) (11, 12) (12, 13) (13, 14) (14, 15) (15, 16) (16, 17) 
		(17, 18) (18, 19) (19, 20) (20, 21) (21, 22) (22, 23) (23, 24) 
		(24, 25) (25, 26) (26, 27) (27, 28) (28, 29) (29, 30) (30, 31) 
		(31, 32) (32, 33) (33, 34) (34, 35) (35, 36) (36, 37) (37, 38) 
		(38, 39) (39, 40) (40, 41) (41, 42) (42, 43) (43, 44) (44, 45) 
		(45, 46) (46, 47) (47, 48) (48, 49) (49, 50) 


2. Runtime: 87μs
Comparisons: 50
Exchanges: 0


3. Runtime: 87μs
Comparisons: 50
Exchanges: 0


4. Runtime: 79μs
Comparisons: 50
Exchanges: 0


5. Runtime: 80μs
Comparisons: 50
Exchanges: 0


-------Performance Report-------

Total number of successes: 9
[15, 17, 79, 80, 87, 87, 89, 104, 920]
-
Total number of errors: 0

Format:
	[runtime1, ..., runtimeN]
	NOTE: Runtimes measured in microseconds (μs)
Done.